0 0.844706 0.057727 0.193725 0.074242
1 0.137647 0.177879 0.140392 0.068485
2 0.369608 0.183788 0.189412 0.080303
3 0.821961 0.145152 0.216471 0.022424
4 0.798431 0.172879 0.265882 0.021515
5 0.782549 0.202879 0.302353 0.026364
6 0.234902 0.310455 0.373333 0.094848
7 0.637255 0.290909 0.097255 0.057576
8 0.772353 0.292879 0.122745 0.059697
9 0.897647 0.293788 0.107451 0.061515
10 0.811176 0.405152 0.250588 0.022424
11 0.808431 0.435000 0.252941 0.023333
12 0.822353 0.465303 0.235294 0.023333
13 0.210980 0.608485 0.284706 0.030303
