0 0.851961 0.069091 0.209020 0.082424
3 0.827647 0.143485 0.238824 0.028788
1 0.148235 0.184848 0.164706 0.086061
2 0.369608 0.188182 0.182353 0.087273
4 0.803529 0.173485 0.265882 0.018485
5 0.786275 0.202879 0.297255 0.026364
6 0.212745 0.319545 0.333725 0.090000
7 0.642353 0.307879 0.082353 0.060606
8 0.787059 0.310758 0.086275 0.064545
9 0.896471 0.311364 0.102745 0.069394
10 0.814902 0.422879 0.258039 0.018485
11 0.815490 0.450152 0.256863 0.018485
12 0.821765 0.476970 0.223922 0.023636
13 0.224118 0.623182 0.306275 0.024545
