0 0.859216 0.064091 0.232941 0.079091
1 0.136275 0.182273 0.158039 0.085152
2 0.379804 0.181818 0.205098 0.080000
3 0.826275 0.144091 0.220392 0.016667
4 0.802941 0.172424 0.269412 0.020606
5 0.791373 0.204394 0.309804 0.029394
6 0.250196 0.307576 0.408627 0.090909
7 0.637843 0.299091 0.098431 0.072121
8 0.783333 0.299545 0.098431 0.071212
9 0.899608 0.299091 0.098824 0.072121
10 0.813725 0.408636 0.245490 0.021515
11 0.809216 0.435909 0.251373 0.021515
12 0.822941 0.464848 0.223922 0.022424
13 0.215882 0.611061 0.294510 0.031212
