0 0.847059 0.061667 0.198431 0.072424
1 0.139412 0.181364 0.164314 0.075455
2 0.374706 0.180909 0.209804 0.076364
3 0.824314 0.144242 0.221176 0.020606
4 0.801569 0.173030 0.259608 0.023636
5 0.785686 0.205758 0.298431 0.028485
6 0.253922 0.311364 0.413725 0.098485
7 0.635882 0.299242 0.097647 0.074242
8 0.770588 0.294848 0.098824 0.065455
9 0.898235 0.295303 0.106275 0.066364
10 0.809804 0.406061 0.243137 0.022424
14 0.783922 0.433030 0.292549 0.025455
11 0.809216 0.462273 0.249020 0.021515
12 0.823137 0.492727 0.218824 0.027273
13 0.220980 0.636364 0.294510 0.025455
