0 0.849804 0.061667 0.206275 0.074242
1 0.153922 0.176515 0.186275 0.085152
2 0.375294 0.175455 0.196078 0.075152
3 0.825686 0.145606 0.231765 0.023333
4 0.802941 0.172424 0.269412 0.020606
5 0.788431 0.201970 0.308627 0.026364
6 0.239412 0.302121 0.384706 0.086061
7 0.642353 0.291818 0.094902 0.059394
8 0.773137 0.290303 0.106275 0.062424
9 0.900784 0.294242 0.088627 0.060606
10 0.806667 0.408636 0.249412 0.027576
11 0.809216 0.435909 0.241961 0.021515
12 0.820000 0.462879 0.225098 0.018485
13 0.215294 0.608939 0.293333 0.029394
