0 0.864118 0.059545 0.230196 0.082121
1 0.121765 0.177424 0.131373 0.067576
2 0.378431 0.181818 0.194510 0.074545
3 0.822941 0.144242 0.223922 0.022424
4 0.806667 0.174091 0.272157 0.021515
5 0.781961 0.202879 0.303529 0.026364
6 0.238039 0.302424 0.377255 0.083030
7 0.641569 0.293788 0.096471 0.063333
8 0.773333 0.298182 0.101176 0.062424
9 0.896471 0.298636 0.105098 0.073030
10 0.808039 0.407121 0.244314 0.022727
11 0.810588 0.437424 0.261961 0.022727
12 0.825098 0.465303 0.222745 0.025152
13 0.232353 0.611818 0.332941 0.025455
