0 0.853333 0.063636 0.206275 0.068485
1 0.140588 0.183182 0.174510 0.077273
2 0.366471 0.187576 0.193333 0.086061
3 0.820000 0.142273 0.222745 0.024545
4 0.797843 0.173030 0.277255 0.029091
5 0.788235 0.205303 0.303529 0.029394
6 0.295686 0.325000 0.497255 0.098485
7 0.637843 0.315303 0.126667 0.077273
8 0.783333 0.316212 0.098431 0.080909
9 0.912941 0.313788 0.099608 0.076061
10 0.809216 0.440455 0.238824 0.018485
11 0.806667 0.470152 0.239216 0.021515
12 0.824314 0.496515 0.229020 0.023333
13 0.223529 0.644242 0.327843 0.023636
