0 0.843333 0.058636 0.198824 0.070606
1 0.143725 0.174545 0.155686 0.071515
2 0.384706 0.184242 0.200000 0.075152
3 0.821176 0.143636 0.222745 0.027273
4 0.801569 0.174545 0.266667 0.022424
5 0.789020 0.202879 0.320000 0.026364
6 0.238039 0.304394 0.377255 0.086970
7 0.627843 0.290303 0.111373 0.054545
8 0.770588 0.293788 0.098824 0.063333
9 0.893922 0.295303 0.104706 0.064545
10 0.811176 0.409091 0.242745 0.018788
11 0.808627 0.436364 0.255686 0.022424
12 0.824314 0.463333 0.218824 0.025455
13 0.234902 0.609091 0.342745 0.027273
